hue_median	brightness_median	saturation_median
7	142	38
35	122	62
36	113	48
36	100	49
34	153	81
31	148	61
29	120	129
29	176	96
24	169	78
29	127	122
27	249	38
28	202	81
25	225	69
30	119	100
30	120	122
30	130	107
42	130	18
34	138	25
25	139	46
31	118	31
31	168	22
31	134	15
26	146	28
26	120	86
31	140	67
30	135	75
30	123	93
25	153	88
25	116	93
30	117	94
31	103	102
30	115	101
30	142	80
31	142	73
29	144	85
30	135	94
29	143	83
29	137	84
29	138	89
30	142	85
28	145	106
27	139	114
51	130	11
29	145	83
127	159	9
116	155	7
130	164	12
130	164	12
130	164	12
127	98	38
138	105	35
36	114	74
32	141	114
32	120	106
28	122	112
30	130	40
28	102	102
30	122	113
29	102	109
23	144	99
30	110	111
124	102	48
134	115	26
104	130	18
127	132	29
127	155	25
102	164	30
47	118	21
51	139	14
34	138	55
136	157	41
124	116	55
133	105	102
132	145	43
51	137	12
120	139	20
134	86	28
130	97	33
138	102	37
127	109	30
131	97	35
131	103	38
120	89	44
139	131	16
155	161	44
158	141	26
136	131	58
28	142	142
59	114	30
60	113	22
36	90	62
127	142	30
127	138	35
132	141	33
131	146	35
31	157	20
36	142	17
32	153	60
34	143	21
36	144	35
33	147	27
127	151	29
135	160	70
138	162	75
59	149	19
70	148	27
70	145	22
123	137	21
125	149	36
123	148	24
130	148	38
93	128	21
150	110	33
156	109	28
163	150	12
121	155	19
123	134	13
10	197	56
28	169	72
26	164	93
24	163	97
30	148	48
12	172	63
11	168	29
34	169	41
34	169	41
28	141	105
29	132	121
42	104	38
29	95	53
24	102	119
60	126	14
93	125	16
70	119	16
56	125	14
127	123	24
112	121	22
112	121	19
113	133	8
56	125	14
102	94	40
109	73	36
113	120	18
113	108	44
123	122	37
34	121	13
27	141	16
24	143	20
28	135	16
19	140	20
29	138	17
42	132	9
36	135	13
34	135	13
26	139	19
49	142	14
42	141	12
29	147	34
33	123	26
30	130	46
36	133	28
51	142	9
24	134	58
24	127	57
29	121	21
51	141	8
51	140	8
50	148	9
51	146	10
51	147	8
44	153	34
49	153	16
49	162	16
36	149	39
94	107	26
59	145	14
42	139	5
23	178	36
56	117	16
26	156	45
36	120	32
29	147	13
56	104	28
16	142	37
27	128	82
18	206	111
26	120	146
23	143	119
30	167	29
34	129	13
24	156	60
23	158	56
26	160	41
26	124	24
28	115	30
23	150	72
24	158	111
22	191	99
26	134	47
25	145	45
18	141	22
22	149	14
31	143	23
31	139	27
19	143	18
18	141	24
23	112	19
21	147	23
31	135	22
25	155	60
20	170	53
22	145	62
16	148	41
20	144	44
29	103	60
23	108	16
26	125	23
26	90	19
42	93	19
29	88	20
28	97	17
18	147	28
21	142	95
20	179	99
23	154	103
22	154	103
23	153	102
22	140	98
23	140	101
22	149	94
22	149	92
23	177	116
25	153	99
25	122	94
30	121	12
25	146	96
24	140	100
22	144	105
38	124	80
51	125	27
59	94	37
93	126	13
106	132	13
59	106	14
44	125	26
36	197	19
34	113	75
31	111	92
59	130	10
33	156	52
120	110	29
46	112	30
47	189	28
47	114	14
33	138	63
31	140	69
28	121	39
31	118	26
29	113	80
29	160	31
34	114	63
36	121	46
29	110	87
33	123	49
39	119	66
56	117	35
139	112	32
131	129	34
113	111	38
113	150	18
113	121	30
112	107	34
144	120	20
113	101	27
112	115	28
113	116	26
135	114	36
129	116	28
134	117	28
120	110	25
133	130	64
124	121	23
122	102	24
93	149	15
60	143	14
117	141	28
119	170	17
116	162	35
116	112	15
113	136	13
116	99	16
85	90	20
130	109	21
113	152	15
113	137	19
99	101	13
93	67	17
70	67	16
113	147	12
107	151	13
122	134	17
116	140	17
70	150	12
145	147	22
60	150	14
50	143	9
70	145	11
122	125	24
77	143	10
103	94	25
127	124	20
118	130	23
119	124	21
63	112	13
106	113	14
106	101	18
106	105	18
144	119	16
106	108	14
152	134	14
157	130	12
23	105	34
70	136	18
59	121	23
59	123	18
42	150	8
49	88	28
42	107	39
36	106	50
34	116	55
33	122	71
42	155	6
42	130	15
70	157	9
42	141	17
36	126	22
135	144	13
106	157	8
40	125	58
29	162	76
29	164	81
30	167	79
23	249	21
26	250	21
32	229	106
29	117	117
31	128	84
36	104	40
145	146	12
36	111	39
40	120	19
40	108	34
25	131	52
42	115	34
28	130	37
31	140	60
33	131	56
30	170	64
30	165	66
30	164	70
28	171	63
34	136	60
31	156	51
164	145	21
162	82	29
34	143	51
36	118	33
70	113	13
127	121	11
34	158	37
34	155	36
34	92	19
49	98	13
159	99	32
155	103	23
36	155	36
34	155	37
42	100	35
40	90	36
42	115	12
42	141	23
49	135	10
42	125	29
158	120	27
70	140	12
70	140	12
49	117	22
36	103	39
31	138	68
30	117	79
28	131	83
32	94	90
32	128	71
29	123	93
41	121	53
42	108	47
40	109	45
148	124	60
93	107	16
93	93	19
119	112	19
113	164	11
116	155	11
112	158	16
113	160	14
150	143	65
135	117	21
77	112	13
143	136	22
140	138	22
127	118	15
116	133	12
127	122	19
131	135	18
127	138	15
134	107	37
116	120	14
122	114	17
134	103	18
116	125	11
113	131	16
93	137	19
85	136	16
131	131	10
143	128	13
106	124	6
116	155	7
59	101	19
106	169	4
134	154	34
124	148	14
123	163	13
22	166	91
24	151	77
120	176	176
121	146	177
134	166	39
19	146	21
49	148	8
42	161	8
42	155	7
42	149	7
106	150	7
60	154	7
116	153	7
59	162	7
70	167	7
51	152	7
93	146	7
93	146	7
8	104	34
59	129	17
49	144	20
59	148	16
37	142	18
45	134	28
26	158	31
25	120	54
49	136	11
45	126	28
106	152	11
51	158	11
31	149	14
106	166	7
106	162	8
70	126	10
106	130	15
70	136	10
35	152	10
42	89	18
51	133	8
42	149	10
49	158	8
42	151	9
42	159	9
85	162	5
135	142	13
139	135	15
127	142	10
113	157	8
116	160	9
106	131	17
127	140	17
106	137	18
135	137	13
129	161	107
43	118	49
18	157	59
27	154	24
35	136	19
22	124	30
21	153	17
25	133	12
34	82	93
34	136	65
33	143	73
31	141	96
39	73	52
45	92	38
127	148	28
134	115	57
123	161	13
127	149	22
33	106	97
120	133	15
131	119	37
49	125	30
106	153	6
106	163	9
18	124	15
122	158	8
116	146	7
35	125	19
34	120	47
36	100	51
95	116	39
92	110	36
40	102	42
25	147	65
24	139	57
130	140	62
121	161	137
21	176	75
21	158	58
26	165	197
24	162	45
21	153	63
16	142	62
19	120	52
130	149	64
122	148	16
225	147	38
24	153	44
21	144	122
127	145	7
146	122	18
146	128	18
187	148	44
123	79	8
34	126	23
13	151	36
26	144	23
226	145	22
161	162	44
21	156	65
42	174	3
19	149	51
20	144	49
143	152	26
18	159	49
15	152	34
25	174	185
19	143	128
26	144	85
23	180	27
16	144	31
21	168	58
18	167	68
23	164	34
18	114	31
24	173	34
20	156	32
23	138	70
21	159	47
22	161	47
15	133	76
30	146	33
28	185	80
32	135	52
27	164	129
23	163	83
23	166	75
23	168	91
21	167	49
21	166	56
22	169	42
22	167	84
24	210	77
23	166	71
23	160	64
244	153	38
235	163	38
26	181	167
27	194	153
25	173	155
26	182	175
26	179	163
23	197	132
19	172	70
20	170	71
21	161	75
28	181	178
28	180	175
29	181	157
28	176	167
24	156	41
24	154	44
25	175	48
24	157	43
24	164	44
24	151	47
24	171	46
24	161	46
25	160	45
19	168	75
23	168	40
23	164	40
23	166	40
23	167	36
24	170	36
23	170	38
23	172	35
23	173	36
23	170	38
23	179	37
23	168	38
29	143	119
23	162	38
23	162	37
24	163	33
21	167	36
22	157	34
26	221	116
24	162	91
21	167	81
24	153	62
23	158	34
21	164	48
31	160	59
34	158	47
25	156	55
25	123	42
26	175	31
138	161	36
113	153	25
133	159	26
139	155	37
134	139	36
142	134	25
23	142	19
42	122	13
22	138	31
24	155	21
22	151	22
24	183	31
24	170	34
26	161	35
34	145	9
28	181	183
27	141	19
30	138	19
158	133	13
28	147	10
21	128	42
23	131	49
209	161	34
215	146	36
23	172	96
27	138	66
28	115	56
28	140	58
28	166	66
28	127	51
26	166	21
24	128	41
27	160	51
25	171	61
25	173	60
25	173	55
31	165	53
24	163	34
23	155	17
26	108	40
18	156	18
24	144	28
21	109	54
33	191	81
26	129	37
26	160	28
27	152	66
24	125	26
20	106	63
25	157	25
26	152	13
22	154	23
143	152	9
139	160	13
142	160	12
20	140	30
42	140	10
29	134	18
18	181	67
23	87	43
22	120	150
24	77	72
31	113	24
31	107	27
29	126	23
20	146	17
18	163	48
19	149	14
24	152	15
24	177	12
21	162	11
21	150	14
18	148	15
18	156	13
22	142	16
29	136	17
19	180	80
29	118	19
24	115	43
29	102	22
18	159	63
21	158	18
24	77	111
145	155	10
93	156	9
20	173	33
21	172	32
19	176	30
21	160	18
21	161	18
21	161	25
146	149	9
145	148	10
28	155	10
145	151	9
145	153	10
145	145	11
34	125	57
36	141	40
36	140	42
36	157	41
34	160	42
31	136	141
148	149	15
162	110	31
127	80	71
122	89	30
127	65	20
131	87	16
116	68	16
127	109	41
129	112	41
106	101	10
134	132	11
116	145	15
129	142	43
106	140	19
122	120	51
30	114	146
30	111	142
146	85	30
162	62	39
29	126	30
28	122	32
29	92	33
29	107	50
29	146	34
28	128	32
29	110	31
29	152	23
29	126	44
29	140	30
28	119	44
25	168	107
30	133	44
29	137	34
28	154	19
30	124	40
25	154	119
29	108	47
28	113	52
28	115	42
26	116	40
28	124	40
157	124	15
159	120	31
150	104	15
29	119	43
28	139	71
31	103	55
23	171	30
23	172	40
23	192	35
23	172	39
23	169	40
23	167	44
21	174	41
22	171	33
23	191	34
18	140	15
34	152	15
28	143	46
27	122	47
143	113	39
127	89	36
134	112	33
25	181	38
16	104	83
113	153	17
116	154	11
135	149	12
127	163	10
51	152	8
51	144	13
18	91	20
51	112	15
143	146	13
51	112	15
127	145	13
116	141	13
26	156	19
22	149	119
21	148	120
22	146	118
22	160	137
22	148	138
23	162	139
22	165	125
22	161	127
170	141	16
177	151	16
121	151	55
120	147	65
120	145	52
119	155	78
127	153	72
118	124	32
118	144	42
